function [col, lcol] = bender_colors()

col.ab  = [0.0000 0.5451 1.0000];
col.xy  = [0.0471 0.7451 0.3059];
col.bc  = [1.0000 0.6510 0.1647];
col.ac  = [1.0000 0.2784 0.5647];

lcol.ab = [0.4863 0.7804 1.0000];
lcol.xy = [0.4549 0.8471 0.6078];
lcol.bc = [1.0000 0.8196 0.6039];
lcol.ac = [1.0000 0.5961 0.8275];
